0.01	26.931755314274497	1.4985212398576113e-13	5.564142486707348e-15
1.01	27.000932354589224	2.451876477711233e-13	9.080710419595934e-15
2.01	27.475025131716492	2.9816666175282934e-13	1.0852279855010326e-14
3.01	32.77547870658358	2.3225812086540545e-13	7.086338019488698e-15
4.01	40.98333911852245	2.842699189722909	0.06936231285357003
5.01	50.563389257713276	9.525284547477565	0.188383031424748
6.01	60.9514937001759	17.333187052548066	0.2843767396056127
7.01	71.86571635001005	25.90716164472818	0.3604940291494716
8.01	83.14115250035269	35.03465817477975	0.42138768974403057
9.01	94.66078649145986	44.554311424028334	0.4706733704145586
10.01	106.38172163919796	54.36261875355317	0.5110146547348453
11.01	118.23026977595013	64.34637343548482	0.5442461863397852
12.01	130.16441942150777	74.51745398173539	0.5724871229243347
13.01	142.19585251716043	84.7073580027112	0.595709062558548
14.01	154.255166518106	95.11236796660452	0.6165911334674196
15.01	166.3989855428801	105.5015757190682	0.6340277578908738
16.01	178.54923738738023	115.84524786384209	0.6488140165645422
17.01	190.7176822467719	126.34388953403379	0.6624655251973749
18.01	202.90456723216226	136.68994782511282	0.6736661953435132
19.01	215.08868749476136	147.27239508275005	0.6847054431272076
20.01	227.2168051322407	157.74271783175536	0.694238781061765
21.01	239.41857817046383	168.1872653152982	0.7024820989269696
22.01	251.71316464628265	178.63270033543958	0.7096676909468018
23.01	263.77154459620175	189.02464421192258	0.7166225776980361
24.01	276.0940336522104	199.20132227111168	0.721498105685403
25.01	288.2086575275883	209.48717210735816	0.7268594007704482
26.01	300.48790755601453	220.2634771273771	0.7330194380162115
27.01	312.5047297672116	230.33057755597292	0.7370466927894143
28.01	324.9187149605515	240.73388253990274	0.7409049447001855
29.01	336.73376107931216	251.2339556124689	0.7460907834343786
30.01	349.2245178001035	261.2125556466601	0.7479788569603766
31.01	361.421907580189	271.83714342019454	0.7521324460938544
32.01	373.0349880859776	281.99493343198867	0.7559476790069732
33.01	385.72411441022115	291.96204525201364	0.7569193481678703
34.01	397.98639901584437	302.9169565280923	0.7611238908594784
35.01	409.71038698214653	311.7991160075636	0.7610232152136053
36.01	421.83310766824013	323.1487264533581	0.7660582362527729
37.01	434.4550694047798	333.617291304638	0.7678982587582798
38.01	446.60908957165003	342.14206986229806	0.7660884604709949
39.01	458.2593317919523	353.57370915343	0.7715581214043904
40.01	469.9553176728158	364.4873624023648	0.7755787597154543
41.01	482.81927326782045	373.60869206631463	0.7738065001789468
42.01	495.2740124579084	382.35528139602997	0.7720075590045722
43.01	507.2908379286329	394.6563216295885	0.7779685579204367
44.01	518.8413227055357	405.3367141712037	0.7812344476680192
45.01	529.8997186958704	414.3656351887389	0.7819699097190106
46.01	542.924489005027	421.7200947937486	0.7767564428095707
47.01	555.7089464042805	434.2201721601345	0.7813805679569491
48.01	568.1208411341858	445.93436519858454	0.7849287209888826
49.01	580.1378156372039	456.16291601067945	0.7863009507657167
50.01	591.7378639009498	464.88123796107436	0.785620232067641
51.01	602.9011474285209	472.0727621740841	0.7830019302294535
52.01	613.9059192414745	482.9627557269854	0.7867048363431991
53.01	627.1860810102135	495.663930533901	0.7902980399940179
54.01	640.1657070972326	507.04371630088883	0.7920507310521644
55.01	652.8278334331046	517.0817777133753	0.7920645401929861
56.01	665.1557248202342	525.7587415114501	0.7904295518971025
57.01	677.1325995601441	533.0619824611757	0.7872342622515079
58.01	688.7422612286585	538.9816898676869	0.7825593407121391
59.01	699.970105784189	552.9437104108626	0.7899533220656473
60.01	710.8017493802455	565.9026834332606	0.7961470043182594
61.01	721.2227751392207	577.6935051885508	0.8009917671790608
62.01	734.4582018093262	588.3003679889017	0.8009991127332134
63.01	747.7913058096022	597.7075049654853	0.7992972107617278
64.01	760.8683899743385	605.9019662146735	0.7963295284682658
65.01	773.677391542026	612.8756907592958	0.7921592351791044
66.01	786.2063825168423	618.6210984206972	0.786843139635088
67.01	798.4434098139603	627.4367815970365	0.7858249863233653
68.01	810.3765271481674	641.8646685318845	0.7920573301779845
69.01	821.994586596589	655.2975964048379	0.7972042724977687
70.01	833.2873084629852	667.7199486339197	0.8013081944876158
71.01	844.2444364077595	679.1196198227059	0.8044111285024799
72.01	854.8556948926536	689.4847988158973	0.8065510973784619
73.01	865.1109517506715	698.8037136783547	0.8077619550003718
74.01	875.0012887163095	707.0670811357169	0.8080754740064848
75.01	888.4622679563341	714.2690087199092	0.8039384839188396
76.01	902.1689873843796	720.403842076591	0.7985242810941966
77.01	915.6794759039764	725.4660125019924	0.7922706925213088
78.01	928.9848581663201	729.4526828611582	0.7852148250306156
79.01	942.0768113882389	743.1879251215572	0.788882515881481
80.01	954.94741552497	758.2515964939947	0.7940244501077116
81.01	967.5887475812337	772.4807498562667	0.7983564833585595
82.01	979.9928733641807	785.862726258421	0.8019065726066582
83.01	992.151848154269	798.3867554888922	0.804702180391193
84.01	1004.0578423106862	810.044310158933	0.8067705624356655
85.01	1015.7037806320938	820.8269820145213	0.8081361885880778
86.01	1027.082861966878	830.7263520526216	0.8088211602146385
87.01	1038.188276304369	839.7343120211635	0.8088458819920019
88.01	1049.0132049377044	847.8454687073872	0.808231454777289
89.01	1059.5508211335198	855.0557977855468	0.8069983815130247
90.01	1069.7945835781363	861.3612824256436	0.805165118283412
91.01	1079.738791732105	866.7579032404277	0.8027477662907565
92.01	1089.377889134547	871.2425630069305	0.7997615627200644
93.01	1098.7063125580614	874.815075729603	0.7962228538514683
94.01	1108.234991526638	877.4758305106526	0.7917777702560128
95.01	1122.54341070524	886.122053664214	0.7893877824355197
96.01	1136.7198548730337	902.8490984827146	0.7942582287203549
97.01	1150.759039057718	918.9139163599467	0.7985285234973134
98.01	1164.6556732458564	934.3080905002196	0.8022182967574736
99.01	1178.404462639813	949.0231949942663	0.8053458936062613
100.01	1192.0001078951002	963.0507952438655	0.8079284463694169
101.01	1205.4373095487485	976.3825518652218	0.8099820240595733
102.01	1218.7110031367747	989.0116714172725	0.8115227226731428
103.01	1231.8164550691274	1000.9325516078457	0.8125663100933939
104.01	1244.7489509326804	1012.1396155523565	0.8131275104059886
105.01	1257.5037720984008	1022.6272812070489	0.8132200506250469
106.01	1270.0761959223944	1032.3899615903624	0.8128567127742977
107.01	1282.461495929776	1041.4223596981228	0.8120496116283777
108.01	1294.6549419931716	1049.721068856757	0.8108114639725321
109.01	1306.6518828530068	1057.2834296026513	0.8091546367301194
110.01	1318.4481204509907	1064.10678263844	0.8070903709692042
111.01	1330.0396054497528	1070.1884670303725	0.8046290220571952
112.01	1341.4222851604382	1075.5258206024694	0.8017801944253768
113.01	1352.5921036553225	1080.1168092125247	0.7985532418040554
114.01	1363.5450019054854	1083.9613301801564	0.7949582365564577
115.01	1374.2769179157092	1087.059651417782	0.791004809326541
116.01	1384.783796082796	1089.4120423878467	0.7867018992203104
117.01	1395.0619064665013	1091.0187740075132	0.7820576054369607
118.01	1405.107919093299	1091.8801363270743	0.7770791990352264
119.01	1414.9185255715568	1091.9974819536765	0.7717741072847738
120.01	1424.4904150312568	1098.2764560516653	0.7709960309052457
121.01	1433.8202742309397	1116.9361744510306	0.778993151739414
122.01	1442.9047876520235	1135.1052012931984	0.7866805980596309
123.01	1451.7406375858397	1152.776901160831	0.7940653249728077
124.01	1460.3246185945186	1169.9448631781888	0.8011539682897326
125.01	1468.6540680188466	1186.6037620268446	0.807953205500274
126.01	1476.7264821602098	1202.7485903095708	0.8144694395607682
127.01	1484.539355598081	1218.3743371853136	0.8207086815118237
128.01	1493.6552183973154	1233.4759884857765	0.8258103833422081
129.01	1508.597827821568	1248.0485268388795	0.8272904175137754
130.01	1523.4658381757406	1262.086931786148	0.8284313964646701
131.01	1538.256410653918	1275.586208270108	0.8292416007080718
132.01	1552.9667051746223	1288.542140396134	0.8297294050816401
133.01	1567.5938803920938	1300.9513694527814	0.8299033223626655
134.01	1582.135116021305	1312.8105785861899	0.8297714684998571
135.01	1596.5877536839405	1324.1164489722914	0.8293414789866994
136.01	1610.9491885541333	1334.8656598850785	0.8286205855338947
137.01	1625.2168144770665	1345.0548887543193	0.8276156613523024
138.01	1639.3880240140006	1354.6808112385806	0.826333236180217
139.01	1653.4602084907674	1363.7403789176976	0.8247796783464671
140.01	1667.4307580440855	1372.2317078198002	0.8229617339129831
141.01	1681.2970616604246	1380.1532190739447	0.8208859995930317
142.01	1695.0565072203224	1387.5033331104903	0.8185587484548346
143.01	1708.7064815328404	1394.2804696854419	0.8159859430243781
144.01	1722.2443701221516	1400.483047900531	0.8131732477669243
145.01	1735.667641300038	1406.1094862186644	0.810126001522659
146.01	1748.9739485745665	1411.1582397504974	0.806849204872724
147.01	1762.1609668997187	1415.628604429067	0.803348065823789
148.01	1775.2263701685397	1419.5207085905677	0.7996279981216133
149.01	1788.1678312392091	1422.8347165024888	0.7956941689955677
150.01	1800.9830219758214	1425.5707929010193	0.7915514891067962
151.01	1813.669613278393	1427.7291029646842	0.7872046223368754
152.01	1826.225275114279	1429.3098122938038	0.7826579950298643
153.01	1838.6476765505242	1430.3130868991998	0.7779158047193693
154.01	1850.934485783542	1430.7393990124447	0.772982193590056
155.01	1863.083378021077	1430.5903580004542	0.7678616936188832
156.01	1875.092198213224	1429.867837737934	0.7625586833012561
157.01	1886.9589442806325	1428.5737135952845	0.7570772633529137
158.01	1898.6816182528112	1426.7098623850752	0.7514213276567927
159.01	1910.2582213310047	1424.2781623173416	0.7455945727195729
160.01	1921.6867539136601	1421.2804929516474	0.7396005046384914
161.01	1932.96521562053	1417.7187791549866	0.7334424684408319
162.01	1944.0916053178487	1413.5957744673115	0.7271240566033904
163.01	1955.0639211418907	1409.1215936968538	0.7207547428289868
164.01	1965.880160519255	1430.754072451583	0.7277931285870818
165.01	1976.5383201879356	1452.070391788944	0.7346532960974299
166.01	1987.0364353292327	1473.0666220715386	0.7413385058676419
167.01	1997.372784668731	1493.739320750535	0.7478520445537538
168.01	2007.5457370726772	1514.085225558427	0.7541971261716834
169.01	2017.5536608727753	1534.1010731586232	0.7603768380043905
170.01	2027.3949237775569	1553.7835989681869	0.7663941448926436
171.01	2037.0678929039639	1573.1295372210002	0.7722518933713145
172.01	2046.5709347892418	1592.1356209915566	0.7779528155741723
173.01	2055.9024154098356	1610.798582232744	0.7834995329346106
174.01	2065.0607001950375	1629.115151803148	0.7888945596849932
175.01	2074.0441540454613	1647.0820595039957	0.7941403061701131
176.01	2082.8511416584324	1664.6960347299375	0.7992390821575724
177.01	2091.4801360384577	1681.9540234899882	0.8041931618226283
178.01	2099.9298665039405	1698.853484420954	0.8090048679812737
179.01	2108.1990984117783	1715.391948236629	0.8136764452318226
180.01	2116.286596687242	1731.566944787557	0.818210041824245
181.01	2124.1911258339073	1747.3760030808874	0.8226077125686648
182.01	2131.9114499500774	1762.8166513132276	0.8268714215848445
183.01	2139.446332732933	1777.8864168789394	0.8310030448895924
184.01	2146.79453749924	1792.5828264115532	0.8350043728449666
185.01	2153.954827182798	1806.9034057786685	0.8388771124517754
186.01	2160.92596435521	1820.8456801234931	0.8426228895198675
187.01	2167.706719909583	1834.4071912322388	0.8462432553185762
188.01	2174.296066243319	1847.585883899711	0.849739790539157
189.01	2180.693177597366	1860.380106607805	0.8531141041389078
190.01	2186.897236697126	1872.788224807325	0.8563677311311616
191.01	2192.9074260089997	1884.8086034310725	0.8595021299468832
192.01	2198.722927759935	1896.439606932942	0.8625186843642186
193.01	2204.3429239359284	1907.6795992849297	0.8654187053068421
194.01	2209.76659628898	1918.5269439910332	0.8682034325312699
195.01	2214.993126344815	1928.980004102703	0.8708740362034029
196.01	2220.0216954062284	1939.0371422255298	0.8734316183656561
197.01	2224.8514845628147	1948.696720538702	0.8758772143038674
198.01	2229.4817137891887	1957.95717899145	0.8782118134818606
199.01	2233.911876988727	1966.8175053905265	0.8804364781128973
200.01	2245.9245575170207	1975.2769217594753	0.8794938882289262