0.01	0.00003349256459950212	0.003349211810388386	0.01339630604620945
0.10998	0.000367980880618526	0.03673878029603168	0.14623823928541338
0.20996	0.000700620313668029	0.06965102110319077	0.2736725150014497
0.30994	0.0010297427038851567	0.10166065915707491	0.3910692797176419
0.40992	0.0013537034433361568	0.13235846232487203	0.4943177438325866
0.5099	0.0016708924638550217	0.16135846094030537	0.5800331070753856
0.60988	0.001979744964732658	0.1883046933792659	0.6457200528843221
0.70986	0.002278751799666285	0.21287734154479404	0.6898834239324614
0.80984	0.002566469445118962	0.23479813356336524	0.7120801212611901
0.90982	0.0028415294755953645	0.2538349071102706	0.712910058633963
1.0098	0.0031026474752973397	0.2698052451960569	0.6939478924740177
1.10978	0.003348631320143011	0.28257911653216716	0.6576209720168377
1.20976	0.0035783887691733843	0.29208047428350226	0.6070422639646791
1.30974	0.003790934309898836	0.2982877896089908	0.5458096823954733
1.40972	0.003985395208098011	0.30123351936972037	0.47778512607926227
1.5097	0.004161016718931555	0.30100253022243834	0.4068674781785527
1.60968	0.004317166422915112	0.297729523494774	0.3367738097155955
1.70966	0.004453337657256798	0.2915955262560879	0.2708420685024042
1.80964	0.004569152020245181	0.2828235333831072	0.21186671546161695
1.90962	0.0046643609337161315	0.2716734027422402	0.1619762349313383
2.0096	0.004738846256067937	0.2584361204915106	0.12255838633622546
2.10958	0.00479261994577433	0.24342756562504098	0.09423570582408593
2.2095599999999997	0.004825822782801978	0.2269819119895912	0.07689034833810789
2.3095399999999997	0.004838722162710264	0.2094448119160328	0.06973412171420738
2.4095199999999997	0.004831708985438152	0.19116650822536468	0.07141672461686667
2.5094999999999996	0.004805293667804783	0.17249502066372055	0.08016294516696308
2.6094799999999996	0.004760101315510942	0.15376954884679828	0.0939280459446785
2.70946	0.004696866096871071	0.13531422668047557	0.11055983700223952
2.80944	0.004616424866581647	0.11743235317292763	0.1279560446661286
2.90942	0.0045197100934871335	0.1004012118331039	0.14420648297412333
3.0094	0.004407742151498992	0.08446757578980167	0.15771113333101267
3.10938	0.0042816210375139704	0.06984397874501345	0.1672673955506615
3.2093599999999998	0.00414251758432502	0.056705813316855425	0.17212231318141488
3.3093399999999997	0.003991664240095867	0.04518929868449808	0.17198829937952764
3.4093199999999997	0.003830345488944262	0.0353903391934375	0.16702359159870708
3.5092999999999996	0.003659887989534065	0.027364275195793222	0.15778114788118636
3.6092799999999996	0.003481650510289648	0.02112650736539029	0.14513179160667805
3.7092599999999996	0.0032970137409117244	0.016653956504549827	0.13016897751465806
3.80924	0.0031073700602816156	0.013887302886263279	0.1141034964156321
3.90922	0.0029141133405951045	0.012733932853041625	0.09815671592038512
4.0092	0.002718628866668368	0.01307150607805858	0.08346057789131182
4.109179999999999	0.0025222834478220574	0.014752044887590417	0.07097159738583626
4.20916	0.0023264157975890795	0.017606437588417487	0.06140463287228548
4.30914	0.002132327253729193	0.02144924101682029	0.05519035758410874
4.40912	0.0019412729076955719	0.02608366363551595	0.05245831359970086
4.5091	0.00175445320881698	0.03130660948951745	0.05304533978512999
4.60908	0.0015730061040677855	0.0369136651594884	0.056527194820686424
4.70906	0.0013979997694391854	0.04270391642142049	0.06226949394934699
4.8090399999999995	0.0012304259836395527	0.04848448846926179	0.06949276296004255
4.90902	0.0010711941891890775	0.05407471305762591	0.07734557036201596
5.0089999999999995	0.0009211262799822162	0.05930983749676651	0.08497937348916182
5.10898	0.000780952148123143	0.06404420375794581	0.09161890883118207
5.208959999999999	0.0006513060163509057	0.06815384066364309	0.09662263271498422
5.30894	0.0005327235757159145	0.07153842785597665	0.09952880066732463
5.40892	0.0004256399414057372	0.07412260655325452	0.1000841583819977
5.5089	0.0003303884328050126	0.07585662860688715	0.0982537804095257
5.60888	0.0002472001770671935	0.07671635165065681	0.09421220148459886
5.70886	0.0001762045287338475	0.07670260379683348	0.08831750852546645
5.80884	0.00011743029131564642	0.07583995600740354	0.08107137963868069
5.9088199999999995	0.00007080772030506828	0.07417495361437319	0.07306907203092813
6.0088	0.00003617128087416121	0.07177387018144647	0.06494400396215685
6.108779999999999	0.00001326312757606466	0.06872005673785654	0.05731181003050271
6.20876	1.737267761709733e-6	0.065110967173604	0.05071857203946796
6.308739999999999	1.1643651900773557e-6	0.06105494612002319	0.045597370862682514
6.40872	0.000011037135491540682	0.05666786886562092	0.04223642924116384
6.5087	0.000030776280778834846	0.05206972374962954	0.04076100616461307
6.60868	0.00005973690682032464	0.04738122606926097	0.04112996116161143
6.70866	0.00009721536282641573	0.04272054892322158	0.04314663932299013
6.80864	0.00014245644107576972	0.03820025073959598	0.04648254109687466
6.90862	0.00019466087134290192	0.03392447169582996	0.05071123010870563
7.0085999999999995	0.00025299304339805373	0.029986462070577143	0.05534917469311803
7.10858	0.00031658888974299887	0.026466495046175736	0.059899767895641935
7.208559999999999	0.0003845638602270387	0.023430204909555802	0.06389665244640176
7.30854	0.0004560209202556092	0.020927379301599876	0.06694268906991355
7.408519999999999	0.0005300585049537452	0.018991221474949877	0.06874141852117742
7.5085	0.0006057783628667832	0.017638085775040994	0.06911862599782821
7.60848	0.0006822932245565387	0.016867677089582384	0.06803254846052306
7.70846	0.0007587342337614845	0.016663693133939523	0.06557228628602374
7.80844	0.0008342580816094198	0.016994877447468196	0.061945001426013536
7.90842	0.000908053787672844	0.01781644113261532	0.05745341875827854
8.0084	0.0009793490754053831	0.019071802902349718	0.05246591967355689
8.10838	0.0010474162936579307	0.020694590098824604	0.047382067423206685
8.208359999999999	0.0011115778405041484	0.022610838148504724	0.042596693336796485
8.30834	0.0011712110504637791	0.02474132251973731	0.03846568599459454
8.40832	0.001225752511354326	0.027003955691921266	0.03527636999209116
8.5083	0.0012747017823784247	0.029316181925516542	0.033224867697664945
8.60828	0.0013176244906174073	0.03159730468527585	0.03240215617884135
8.70826	0.0013541547887999646	0.03377068531551929	0.032789726415623555
8.80824	0.00138399716299775	0.03576575685396983	0.034264895678724754
8.90822	0.0014069275847156482	0.037519803519944855	0.03661499124991591
9.0082	0.0014227940076418266	0.03897946421182529	0.03955888490125992
9.108179999999999	0.0014315162150509266	0.04010192706019229	0.04277377295949218
9.20816	0.001433085029463208	0.04085579145045605	0.04592471160517123
9.30814	0.001427560901604865	0.041221583684158604	0.04869425814568856
9.40812	0.0014150719009438958	0.0411919223191386	0.05080964307017552
9.508099999999999	0.0013958111350477675	0.04077133894625427	0.05206519133111072
9.60808	0.0013700336296824701	0.03997576946550799	0.052338192690589126
9.70806	0.0013380527059087862	0.03883173957535329	0.05159704315118263
9.80804	0.001300235894396382	0.03737527596700018	0.04990118478352961
9.90802	0.0012570004307374684	0.035650581430532347	0.04739309651192719
10.008	0.0012088083786729316	0.03370851757456756	0.04428327055756276
10.10798	0.0011561614308200569	0.0316049430156059	0.04082969068651206
10.20796	0.0010995954386951432	0.029398957625834547	0.037313761860742915
10.30794	0.0010396747255396975	0.027151104698187125	0.034014893093646595
10.407919999999999	0.000976986236676996	0.02492158269487212	0.03118598954483621
10.5079	0.0009121335828394822	0.022768516630256388	0.029031966951985896
10.60788	0.0008457310321171887	0.020746336178800652	0.027693079176009234
10.70786	0.0007783975058847383	0.018904303406641714	0.027234380720680795
10.80784	0.00071075063327935	0.017285227745637857	0.02764207515609166
10.90782	0.000643400917535135	0.015924399632144284	0.028826879641091506
11.0078	0.0005769460657476448	0.014848767311838092	0.0306339203528604
11.10778	0.0005119655314667663	0.01407637387468146	0.032858116842384655
11.20776	0.00044901531692050707	0.013616063848419825	0.0352635619437658
11.307739999999999	0.0003886230786844312	0.01346746086622351	0.03760509434335436
11.40772	0.0003312835772629462	0.013621210252916856	0.03965011650764567
11.5077	0.00027745450737334023	0.014059473054834421	0.04119873971675753
11.60768	0.00022755274175803198	0.014756651266605731	0.042100533534053464
11.707659999999999	0.00018195101713415973	0.015680317960673703	0.0422664979577638
11.80764	0.00014097508646310607	0.01679232085483875	0.04167532944336002
11.90762	0.00010490135712865832	0.018050023684755303	0.04037357473257775
12.0076	0.00007395502989414682	0.01940764667676159	0.03846981171041
12.10758	0.000048308748711051144	0.02081766550385135	0.036123516248896564
12.207559999999999	0.000028081766618487422	0.0222322273825614	0.03352972347438249
12.30754	0.000013339628148774837	0.023604543425887012	0.030900933580675673
12.40752	4.094363883990684e-6	0.024890217968959887	0.028447918945523922
12.5075	3.0518813332977565e-7	0.02604847826083711	0.026361146039207282
12.607479999999999	1.87968616521427e-6	0.027043271569367613	0.02479443100137558
12.70746	8.675473069050381e-6	0.02784420125336963	0.023852213596389765
12.80744	0.00002050230217986477	0.028427278572445598	0.023581484233645828
12.90742	0.00003712459710811814	0.028775472767876502	0.023968966125219333
13.0074	0.00005826437781197843	0.02887904808422367	0.024943679175389352
13.10738	0.00008360454785873633	0.028735682729539806	0.0263845364343844
13.20736	0.00011279250707400162	0.028350371109632497	0.02813218955755374
13.30734	0.00014544405119444874	0.02773511683914372	0.030003983809093915
13.40732	0.00018114751794284914	0.026908429858126824	0.03181063517631912
13.507299999999999	0.0002194681371489985	0.025894646309091808	0.03337312147379877
13.60728	0.0002599525411585853	0.024723094515096588	0.034538293717738415
13.70726	0.00030213339081388484	0.023427134324141834	0.03519185934976566
13.80724	0.00034553407175826463	0.02204310015245908	0.035267649525088096
13.90722	0.0003896734157123611	0.02060918019893752	0.034752433321341356
14.0072	0.00043407040168974597	0.019164265472188628	0.033685949689074346
14.10718	0.00047824879285606305	0.017746802456175128	0.03215625623174841
14.20716	0.0005217416658772555	0.016393682453706055	0.03029090444223152
14.30714	0.0005640957911349296	0.015139198930486588	0.028244808144716686
14.407119999999999	0.0006048758240909625	0.014014101602525902	0.026185945324848157
14.5071	0.0006436682703387107	0.013044772656545314	0.024280200965855994
14.60708	0.0006800851894588959	0.012252546476928684	0.02267670738877522
14.70706	0.0007137676056778564	0.011653189700884192	0.021494967024581306
14.807039999999999	0.000744388596473429	0.011256553475946264	0.02081485924391229
14.90702	0.000771656033658463	0.01106640459956963	0.02067035619455949
15.007	0.0007953149550580583	0.011080436932536365	0.021047428746926257
15.10698	0.0008151495486500522	0.011290459249308764	0.021886244210357213
15.20696	0.0008309847349210288	0.011682750667987407	0.023087376557252556
15.306939999999999	0.000842687337165056	0.01223857013025019	0.024521401045246097
15.40692	0.0008501668334812101	0.012934802205212674	0.02604095846029603
15.5069	0.0008533756882698522	0.013744717882363727	0.027494173769162092
15.60688	0.0008523092650492254	0.01463882609063078	0.02873821577739426
15.706859999999999	0.0008470053263748798	0.01558578950515295	0.02965179514727266
15.80684	0.0008375431305087008	0.01655337682962702	0.03014551483172888
15.90682	0.0008240421382156485	0.01750942319546376	0.030169197346852392
16.006800000000002	0.0008066603466321715	0.018422770600638676	0.029715597039154405
16.10678	0.0007855922705170762	0.019264161398450348	0.028820236219502558
16.206760000000003	0.0007610665943349893	0.020007059694103407	0.02755745169454731
16.30674	0.0007333435215062833	0.020628378048733183	0.026033071845186134
16.40672	0.0007027118497609291	0.0211090900410108	0.02437443479671461
16.506700000000002	0.000669485803835301	0.02143471289456236	0.022718680550203665
16.60668	0.0006340016587318161	0.02159564843096859	0.021200385800057394
16.706660000000003	0.0005966141884056206	0.021587374929520765	0.019939649102756234
16.80664	0.0005576929760381768	0.021410486936921738	0.019031674373727363
16.90662	0.0005176186229954801	0.02107058454154079	0.018538749391063723
17.006600000000002	0.00047677889414384145	0.020578017978344038	0.01848528805419586
17.10658	0.00043556483740571155	0.019947497538476845	0.018856322061704404
17.206560000000003	0.00039436691528487144	0.019197582506949876	0.01959951540981642
17.306540000000002	0.0003535711855778365	0.018350066140444966	0.020630461774176368
17.40652	0.00031355556762614593	0.017429276437315858	0.021840738137679186
17.506500000000003	0.00027468622926306557	0.016461314573056853	0.02310795285677319
17.60648	0.00023731412808304458	0.015473254325467168	0.024306862634518134
17.70646	0.00020177173883059103	0.014492326563247547	0.025320553860294148
17.806440000000002	0.0001683699965874656	0.013545112909379613	0.026050695045473502
17.90642	0.00013739548305605084	0.012656772026641169	0.0264259661234291
18.006400000000003	0.00010910788061734601	0.011850320637416678	0.026407946967420427
18.10638	0.00008373771601235154	0.011145989432921942	0.025993984701918004
18.20636	0.00006148441248324084	0.010560671514645714	0.025216835249572713
18.306340000000002	0.0000425146660474289	0.010107478024846692	0.024141164017383088
18.40632	0.000026961158294497842	0.009795412257406055	0.02285726783657642
18.506300000000003	0.000014921614724942954	0.00962916989886193	0.02147262088743428
18.60628	6.4582142251622395e-6	0.009609069242099283	0.020102030647386936
18.70626	1.5973518268209626e-6	0.009731111355127768	0.01885730058432498
18.806240000000003	3.297534650288428e-7	0.009987166387673517	0.017837325732989115
18.90622	2.610938060764239e-6	0.010365278568506291	0.01711949412482347
19.0062	8.362018941038578e-6	0.010850079089531105	0.016753137305028882
19.106180000000002	0.000017470833406252654	0.011423293082247502	0.016755579562447213
19.20616	0.000029793386188248427	0.01206432434975368	0.01711109617261358
19.306140000000003	0.00004515558964205763	0.012750899490372992	0.017772827832346533
19.40612	0.0000633552808066162	0.013459751588570849	0.01866743523503861
19.5061	0.00008416449297841117	0.014167322789270739	0.019702037734502787
19.606080000000002	0.00010733195718921066	0.014850464829157358	0.020772784192982535
19.70606	0.0001325858069845085	0.015487116971100947	0.021774269097852742
19.806040000000003	0.00015963645817976204	0.016056941755611995	0.022608943910894606
19.90602	0.00018817963384116148	0.016541900509375148	0.02319568689678134
20.006	0.0002178995036075825	0.016926752582836185	0.023476782038288093
20.105980000000002	0.00024847190564909077	0.01719946475996388	0.023422710228794462
20.20596	0.0002795676190498264	0.017351520115285214	0.023034359232240537
20.305940000000003	0.00031085565421165665	0.01737811869829173	0.022342494129483283
20.405920000000002	0.0003420065289986251	0.017278265708814373	0.021404575785984297
20.5059	0.00037269549877716685	0.017054746190562266	0.020299249310327405
20.605880000000003	0.0004026057092463493	0.01671398861434885	0.019119026886640595
20.70586	0.0004314312419863242	0.01626582295015333	0.017961842255796265
20.80584	0.00045888002396918005	0.01572314184540602	0.016922244634189086
20.905820000000002	0.0004846765738597085	0.015101476250431147	0.016083020856520417
21.0058	0.0005085645597659871	0.01441849918529052	0.015507985140928798
21.105780000000003	0.0005303091451622346	0.013693473261626666	0.015236561488728977
21.20576	0.0005496991019763752	0.012946659008323745	0.015280615425799978
21.30574	0.0005665486722892931	0.012198701965503161	0.015623785275862395
21.405720000000002	0.000580699162705736	0.011470016887821193	0.016223337306050883
21.5057	0.0005920202582025437	0.010780187231506722	0.017014344233303644
21.605680000000003	0.0006004110451098074	0.010147397402257943	0.017915782686059343
21.70566	0.0006058007358071057	0.009587914040536619	0.018837980102879587
21.80564	0.0006081490906902547	0.009115630958825392	0.019690729352706483
21.905620000000003	0.0006074465359557888	0.008741690276857983	0.02039133932312529
22.0056	0.000603713978730718	0.008474189891659649	0.020871905440123812
22.10558	0.0005970023240158213	0.008317984744519525	0.021085163263921677
22.205560000000002	0.0005873917007832073	0.008274586488614228	0.02100842305347644
22.30554	0.0005749904073461188	0.00834216320508358	0.020645260781011095
22.405520000000003	0.0005599335887745306	0.008515637849837734	0.02002484514618873
22.5055	0.0005423816616395952	0.008786881225313122	0.01919899219225437
22.60548	0.0005225185037097047	0.009144992544474437	0.018237240204858594
22.705460000000002	0.0005005494283700704	0.009576658166479563	0.01722040994564374
22.80544	0.0004766989654764811	0.010066576904494017	0.016233243988797805
22.905420000000003	0.0004512084720654731	0.010597938496141608	0.015356793117076344
23.0054	0.00042433359781234796	0.011152940434423157	0.014661231509793923
23.10538	0.0003963416313433414	0.01171332741721531	0.014199735380582541
23.205360000000002	0.00036750875445851547	0.012260937208539659	0.01400395677348107
23.30534	0.00033811723200098367	0.012778236722357051	0.01408147528111166
23.40532	0.00030845256551083095	0.013248832633137279	0.014415429349504143
23.505300000000002	0.0002788006389272231	0.013657941766454875	0.014966332103515782
23.60528	0.0002494448844504832	0.013992807893843868	0.015675881967182854
23.705260000000003	0.0002206634962509323	0.014243053303612141	0.016472403058490334
23.80524	0.0001927267190192968	0.014400955587295147	0.017277409761218034
23.90522	0.00016589423740341022	0.014461642405220857	0.01801269609023593
24.005200000000002	0.0001404126911787911	0.014423199502841879	0.018607311230559778
24.10518	0.00011651333957012152	0.014286689866102719	0.019003800755425307
24.205160000000003	0.00009440989649249494	0.01405608455091223	0.019163166187968123
24.30514	0.0000742965566329201	0.013738108320601789	0.019068116571111415
24.40512	0.00005634623026405775	0.013342005700227243	0.01872434318972163
24.505100000000002	0.00004070900249396889	0.012879235336415471	0.018159728080523633
24.60508	0.000027510830330972652	0.012363102571437653	0.01742158221948238
24.705060000000003	0.000016852488504603743	0.011808341843982018	0.016572183729195535
24.80504	8.808772457563244e-6	0.01123066187032179	0.015683034698234594
24.90502	3.427964333729109e-6	0.010646267503044801	0.014828364366271588
25.005000000000003	7.315651605750622e-7	0.010071372687150434	0.014078467253048234
25.10498	7.142937857727763e-7	0.009521719024676849	0.013493472458837863
25.20496	3.3443505038345462e-6	0.009012114121450334	0.013118094793035412
25.304940000000002	8.563940724307852e-6	0.008556003137983083	0.01297782428806223
25.40492	0.00001629005151390141	0.00816508582791652	0.013076876984680394
25.504900000000003	0.000026415471414361506	0.007848989859725599	0.013398069006241433
25.60488	0.00003881004161986829	0.007615009428499481	0.013904602523606419
25.70486	0.00005332212441319108	0.0074679161306512335	0.01454358184543559
25.804840000000002	0.00006978027273006554	0.00740984685810875	0.015250925692864788
25.90482	0.000087995082864127	0.007440271137281295	0.01595722108001598
26.004800000000003	0.00010776121065790513	0.007556037961886758	0.016593985505965504
26.10478	0.00012885953006340928	0.007751499818104859	0.01709977390005747
26.20476	0.00015105941171143555	0.008018709344491825	0.017425587090706723
26.304740000000002	0.0001741210981131469	0.008347681973097243	0.0175391070972243
26.40472	0.0001977981513381345	0.008726716022273819	0.017427394617554715
26.5047	0.00022183994847700222	0.00914276010862785	0.017097825419797513
26.604680000000002	0.00024599419990611616	0.009581816459668992	0.016577201991027284
26.70466	0.00027000946532951226	0.01002936777439925	0.015909140316936018
26.804640000000003	0.00029363764277606574	0.0104708147200185	0.015149984440844344
26.90462	0.0003166364061755264	0.010891910981488543	0.014363629982267367
27.0046	0.0003387715678189569	0.011279182997707481	0.013615730895756616
27.104580000000002	0.00035981934291870986	0.011620322112860482	0.012967813513967103
27.20456	0.00037956849461040374	0.011904537822477052	0.012471824388063773
27.304540000000003	0.00039782233907154925	0.012122862068915198	0.012165593915342682
27.40452	0.0004144005919538886	0.012268396099273242	0.012069610714752758
27.5045	0.00042914103902355193	0.012336493191059826	0.012185380401651123
27.604480000000002	0.0004419010157561093	0.012324872521908345	0.012495498015138246
27.70446	0.000452558682624079	0.012233661549106316	0.012965408992623545
27.804440000000003	0.00046101408492140713	0.012065366409761233	0.013546683140533372
27.904420000000002	0.0004671899881716484	0.011824771989108546	0.01418149289241365
28.0044	0.00047103248244178647	0.011518775369766313	0.014807882966190565
28.104380000000003	0.0004725113512090234	0.01115615830840418	0.01536535231235042
28.20436	0.00047162020278005145	0.010747306132581102	0.01580024648533281
28.30434	0.000468376364618531	0.010303881959784914	0.01607048083899056
28.404320000000002	0.0004628205432728188	0.009838466370854684	0.016149179779459996
28.5043	0.00045501625489050506	0.009364173587530469	0.016026918471721444
28.604280000000003	0.00044504903353584916	0.00889425578497443	0.01571238148191856
28.70426	0.0004330254266701251	0.008441707401036665	0.01523139613633913
28.80424	0.0004190717891919352	0.008018881181569392	0.014624443945737628
28.904220000000002	0.00040333288934605275	0.007637127232463852	0.01394288826882626
29.0042	0.00038597034157690605	0.007306465551678645	0.013244268552953185
29.104180000000003	0.00036716088301014667	0.007035301415264083	0.012587091219462162
29.20416	0.000347094511678177	0.006830191625824882	0.012025587776127875
29.30414	0.00032597250584987057	0.006695668043068286	0.011604908827208308
29.404120000000002	0.00030400534487023045	0.0066341230532871226	0.011357178918464233
29.5041	0.00028141055275321874	0.006645759751702489	0.011298755930029913
29.60408	0.0002584104863936145	0.0067286076654290315	0.011428927644976258
29.704060000000002	0.0002352300906668264	0.006878602893619086	0.011730147393146598
29.80404	0.00021209464286638623	0.007089729642856228	0.012169772165018976
29.904020000000003	0.00018922750888723493	0.007354218345742785	0.012703132749919558
30.004	0.00016684793330045536	0.00766279392074899	0.013277648176739858
30.10398	0.0001451688849860025	0.00800496630840784	0.013837606326137385
30.203960000000002	0.00012439497930027157	0.008369354242923907	0.014329176843549582
30.30394	0.00010472049686293743	0.008744032321600244	0.014705206043365856
30.403920000000003	0.00008632751796281526	0.009116890840985934	0.014929367434301585
30.5039	0.0000693841903171119	0.009475997592926068	0.014979303278205045
30.60388	0.000054043146486095705	0.009809950860838688	0.014848486330621564
30.703860000000002	0.000040440085661057063	0.010108213222034168	0.01454664791871521
30.80384	0.000028692532823879147	0.010361416431848887	0.01409874811575479
30.90382	0.00001889878643964926	0.010561628617030628	0.013542594276208594
31.003800000000002	0.000011137063907944373	0.010702576208317355	0.012925333939673513
31.10378	5.46485198383416e-6	0.010779814457498503	0.012299146507007837
31.203760000000003	1.9184673062310246e-6	0.010790841968505872	0.01171652655778493
31.30374	5.128300599588081e-7	0.010735156376734934	0.01122558438858182
31.40372	1.2414516699692797e-6	0.01061425008422966	0.010865783728623776
31.503700000000002	4.076635302216118e-6	0.010431546747402442	0.010664493501836418
31.60368	8.96988584716866e-6	0.010192280965474388	0.010634654157864272
31.703660000000003	0.000015852524008938535	0.009903325280280583	0.010773756624062493
31.80364	0.00002463649713590593	0.009572970123078239	0.011064212735731535
31.90362	0.00003521537752620828	0.009210663687626753	0.011475070887329193
32.0036	0.000047465537142473594	0.008826719832957358	0.011964910844309258
32.10358	0.00006124748599105071	0.008432002992640533	0.012485647815137611
32.203559999999996	0.00007640735987838496	0.008037599666431855	0.01298689713232467
32.30354	0.00009277854186479542	0.00765448637970143	0.013420504030737778
32.40352	0.000110183400507089	0.007293204009518497	0.01374483193059722
32.503499999999995	0.00012843512692714635	0.006963548095976353	0.013928427989556083
32.60348	0.00014733965187310396	0.006674284194296129	0.013952743880903371
32.70346	0.00016669762326084196	0.006432896496699036	0.01381367718302862
32.803439999999995	0.000186306424201531	0.006245376889875793	0.01352180635823744
32.90342	0.00020596221123946967	0.006116060347768231	0.013101310259025748
33.0034	0.00022546195244547813	0.0060475111296720676	0.012587680792697547
33.10338	0.00024460544513360137	0.006040462704231752	0.012024444287110353
33.203359999999996	0.0002631972932911139	0.006093812697740811	0.011459193776176083
33.30334	0.0002810488253288856	0.006204672519031301	0.010939293301585964
33.40332	0.00029797993346531516	0.006368469692160739	0.010507641396608631
33.503299999999996	0.0003138208169438511	0.0065790993799331125	0.010198872144273882
33.60328	0.00032841361234195915	0.006829120151288365	0.010036329682383887
33.70326	0.00034161389544684487	0.0071099877751295126	0.010030079863254791
33.803239999999995	0.0003532920405372088	0.007412319748503142	0.010176127680527019
33.90322	0.0003633344244067613	0.007726182418362755	0.010456899751531528
34.0032	0.0003716444640781443	0.008041391956619093	0.010842937488429986
34.103179999999995	0.0003781434788693701	0.008347820113426645	0.011295638801078695
34.20316	0.0003827713692706411	0.008635695611292158	0.011770793831813793
34.30314	0.0003854871069498098	0.008895892252104418	0.012222591445110374
34.40312	0.00038626903211077233	0.009120195282002926	0.012607733924443316
34.503099999999996	0.00038511495636166075	0.009301538278819554	0.012889290817143273
34.60308	0.0003820420711895795	0.00943420377015705	0.01303994941229768
34.70306	0.00037708666406672663	0.009513981927094812	0.013044376276858569
34.803039999999996	0.00037030364610965845	0.009538282973638111	0.012900486257777564
34.90302	0.0003617658970612074	0.009506200365561074	0.012619514838045666
35.003	0.00035156343514453043	0.009418523281274632	0.0122248976680089
35.102979999999995	0.00033980242103411734	0.009277698486940041	0.01175006775842145
35.20296	0.00032660400678286076	0.009087743142880722	0.011235376693155733
35.30294	0.0003121030420223567	0.008854111563873368	0.01072442281814488
35.402919999999995	0.0002964466511012891	0.00858352028970857	0.010260120004648729
35.5029	0.00027979269603167154	0.008283737025462114	0.009880860961898311
35.60288	0.0002623081411635754	0.0079633400386691	0.009617117620883756
35.70286	0.0002441673363962489	0.007631455423993078	0.009488779120306686
35.802839999999996	0.00022555023644932993	0.007297480242285136	0.009503459409224575
35.90282	0.00020664057425596617	0.0069707998943105386	0.00965591778792121
36.0028	0.00018762400689588786	0.006660508191402453	0.009928634938840629
36.102779999999996	0.00016868625265803247	0.006375138434929286	0.010293483264821044
36.20276	0.00015001123780867162	0.006122413420280369	0.010714332953361709
36.30274	0.0001317792714432114	0.005909021652867538	0.011150352780557506
36.402719999999995	0.00011416526642093803	0.0057404262239671945	0.011559704501789779
36.5027	0.00009733702382642855	0.005620711769757044	0.0119032969453031
36.60268	0.00008145359767601074	0.005552473759568918	0.012148263330681057
36.702659999999995	0.00006666375570024513	0.005536753065399294	0.012270852861461333
36.80264	0.00005310455099364985	0.005573017393477375	0.012258482581081438
36.90262	0.00004090001814214083	0.005659189751547097	0.012110772696417338
37.0026	0.000030160006128992627	0.005791722724569602	0.01183948097582705
37.102579999999996	0.000020979158895402356	0.005965715978369122	0.01146735103082085
37.20256	0.00001343605290679512	0.006175073145150571	0.01102598636416667
37.30254	7.592499466058582e-6	0.00641269310371635	0.010552948346808375
37.402519999999996	3.493017836866861e-6	0.006670689683517491	0.010088344140938113
37.5025	1.1644835107160015e-6	0.006940633023369223	0.009671214095437983
37.60248	6.159541878887377e-7	0.0072138052249967844	0.009336043605933913
37.702459999999995	1.8386742627868613e-6	0.007481462574465749	0.009109710695600971
37.80244	4.806256825802085e-6	0.007735096470137156	0.009009139096238681
37.90242	9.475040434711248e-6	0.007966685296237976	0.009039861322966724
38.002399999999994	0.00001578461618561086	0.008168929811622474	0.009195613169435369
38.10238	0.000023658518944000533	0.008335465172196372	0.009458987775516119
38.20236	0.00003300507499649168	0.008461043454764245	0.00980308236116375
38.30234	0.000043718396868870426	0.008541681475909252	0.010193982396850647
38.402319999999996	0.00005567951464086918	0.0085747697730285	0.010593854241719103
38.5023	0.00006875763178604856	0.008559139802773907	0.010964364608479644
38.60228	0.00008281149238865801	0.00849508767867905	0.011270118157144259
38.702259999999995	0.00009769084554941306	0.008384354076431866	0.011481805299247897
38.80224	0.00011323799189837539	0.008230061242924249	0.011578780624294968
38.90222	0.00012928939639372548	0.008036609314987299	0.011550845492490617
39.002199999999995	0.0001456773510066239	0.0078095353481408706	0.011399081326624223
39.10218	0.00016223167047976813	0.007555339539810869	0.011135666297312271
39.20216	0.0001787814041034008	0.007281284073900807	0.010782699618717308
39.302139999999994	0.0001951565463797731	0.0069951707873970965	0.01037014632562361
39.40212	0.00021118972954444466	0.006705104443110305	0.009933093276312798
39.5021	0.00022671788117914707	0.006419248769794871	0.009508567332808051
39.60208	0.00024158383058241276	0.00614558259208672	0.009132203957485064
39.702059999999996	0.00025563784815581773	0.00589166331478427	0.008835065670011032
39.80204	0.00026873910280882915	0.005664404752336957	0.008640894125853192
39.90202	0.00028075702327565047	0.005469875814753018	0.008564038613767496
40.001999999999995	0.00029157255026373603	0.00531312589129689	0.008608241381194358
40.10198	0.00030107926750480454	0.0051980419346587805	0.008766382127806708
40.20196	0.0003091844010431369	0.0051272412669439845	0.009021197362973134
40.301939999999995	0.00031580967745994514	0.005102003035096281	0.009346902921230655
40.40192	0.0003208920331820339	0.005122240070605309	0.009711567599037133
40.5019	0.00032438416854365304	0.005186511692020872	0.01008001975314204
40.60188	0.00032625494184646594	0.005292076765414443	0.010417022598564614
40.701859999999996	0.000326489600278285	0.0054349851439358995	0.010690431840477353
40.80184	0.00032508984619023727	0.005610204478318904	0.010874052970383422
40.90182	0.00032207373887803496	0.005811778358718118	0.010949944531898851
41.001799999999996	0.00031747543364975944	0.006033010844589852	0.010909965135878306
41.10178	0.000311344761573435	0.006266671689415014	0.010756431206083545
41.20176	0.00030374665486730044	0.006505215992104195	0.010501833041079761
41.301739999999995	0.0002947604244083334	0.006741011622764569	0.01016764148718857
41.40172	0.0002844788972755297	0.0069665675871960235	0.009782318718547055
41.5017	0.0002730074235999192	0.007174756516029693	0.009378717070287517
41.601679999999995	0.0002604627632499998	0.007359024688710949	0.008991103340947878
41.70166	0.00024697186402733695	0.007513583421429531	0.008652077806586576
41.80164	0.0002326705440715942	0.0076335762477542585	0.008389664678649891
41.90162	0.0002177020920675354	0.0077152170819990516	0.008224833394993967
42.001599999999996	0.00020221579960059204	0.007755895454421878	0.008169669689358637
42.10158	0.00018636544061508166	0.007754245916498479	0.008226355625139094
42.20156	0.00017030771338541467	0.007710179802900899	0.008387044192478465
42.301539999999996	0.00015420066071104648	0.007624878671487946	0.008634633340063737
42.40152	0.00013820208418898895	0.007500749889478408	0.008944363722758947
42.5015	0.00012246796840215297	0.007341345958801558	0.009286091207640118
42.601479999999995	0.00010715093068876786	0.0071512502430726745	0.009627025799264504
42.70146	0.00009239871183018807	0.006935932741274659	0.009934688338932296
42.80144	0.00007835272251514665	0.006701580420392767	0.010179818576738909
42.901419999999995	0.00006514665981384995	0.006454907345935769	0.010338974440748504
43.0014	0.00005290520713174005	0.006202950414826769	0.010396591809144286
43.10138	0.000041742830218803164	0.005952856883839725	0.010346324026388722
43.20136	0.000031762680795149386	0.005711670088245101	0.010191546179381148
43.301339999999996	0.000023055618228201168	0.005486119754906781	0.009944984764526724
43.40132	0.000015699358472653315	0.005282423132777327	0.009627511992459873
43.5013	9.75775817410615e-6	0.005106102798285798	0.00926621853355545
43.601279999999996	5.280240454371228e-6	0.004961826455644395	0.00889194235621941
43.70126	2.301367454967463e-6	0.004853273359805042	0.008536478807694172
43.80124	8.405632298360648e-7	0.004783031164346194	0.008229724092940859
43.901219999999995	9.019890638061228e-7	0.004752526063456656	0.007997008543404143
44.0012	2.474571764998392e-6	0.004761988084928525	0.007856857310731536
44.10118	5.53218395250336e-6	0.004810452330361576	0.00781937620762703
44.201159999999994	0.000010033973850360442	0.004895795881535188	0.00788540306752723
44.30114	0.000015924840620179743	0.005014809030320863	0.008046495461291167
44.40112	0.000023136049832141838	0.005163298475100312	0.008285750202370148
44.5011	0.0000315859823017328	0.005336219189321662	0.008579375584910608
44.601079999999996	0.0000411810082207149	0.00552783083497111	0.008898870396612538
44.70106	0.00005181647729811301	0.0057318738894708175	0.009213610370515527
44.80104	0.0000633778145122061	0.005941760098954963	0.009493607576746527
44.901019999999995	0.00007574171006807508	0.006150771479585119	0.009712194333647797
45.001	0.00008877739126702421	0.006352261872106776	0.00984839164221578
45.10098	0.00010234796323214342	0.0065398550185106815	0.00988875201457795
45.200959999999995	0.00011631180480572253	0.006707633273336278	0.009828515058341291
45.30094	0.00013052400544473854	0.0068503113803698515	0.009671976827004906
45.40092	0.00014483782859429732	0.006963390227617575	0.009432045047027566
45.500899999999994	0.00015910618681897075	0.007043286124031025	0.009129025460243629
45.60088	0.00017318311391927957	0.007087431900767336	0.008788753112672286
45.70086	0.00018692521935537905	0.007094347004312229	0.008440240363402038
45.80084	0.00020019311054066653	0.007063674692134896	0.00811305556018957
45.900819999999996	0.00021285276895128738	0.0069961854350560106	0.007834669057665087
46.0008	0.00022477686651926193	0.006893746644265507	0.007628004631000233
46.10078	0.0002358460094312572	0.006759259844584501	0.007509414378809345
46.200759999999995	0.0002459498972346918	0.006596567379284706	0.00748725584094976
46.30074	0.0002549883860497807	0.006410331627098058	0.007561194932592878
46.40072	0.00026287244569084224	0.006205890512730726	0.007722292455747074
46.500699999999995	0.0002695250016020267	0.005989093774984922	0.007953861360729944
46.60068	0.0002748816537005546	0.00576612500190124	0.008233012947020567
46.70066	0.0002788912654820725	0.005543314834789714	0.008532748984759256
46.800639999999994	0.00028151641806507653	0.005326950971902247	0.008824408738063123
46.900619999999996	0.00028273372522127005	0.005123090662034105	0.009080249294478893
47.0006	0.0002825340068419688	0.004937381267831104	0.009275927078827288
47.10058	0.00028092231971365043	0.0047748942023954025	0.009392658769116432
47.200559999999996	0.00027791784590367634	0.00463997711020958	0.009418869977613908
47.30054	0.0002735536404763577	0.0045361285883165495	0.00935118718470462
47.40052	0.00026787624165535047	0.004465899044143976	0.009194688187005057
47.500499999999995	0.0002609451479074283	0.004430820483980213	0.0089623933089231
47.60048	0.00025283216773130826	0.004431367145459049	0.008674047781225706
47.70046	0.00024362064918077972	0.004466947955233195	0.008354308897687188
47.800439999999995	0.00023340459732167586	0.004535930837421086	0.008030504189713362
47.90042	0.000222287688905866	0.004635697948030814	0.007730164260243467
48.0004	0.00021038219453213704	0.004762729993695485	0.007478552836795458
48.10038	0.00019780781944386965	0.0049127169368214105	0.007296415459981183
48.200359999999996	0.00018469047487890326	0.005080691618800892	0.007198147246051704
48.30034	0.00017116099253024986	0.005261182170713242	0.007190541353361096
48.40032	0.00015735379519194094	0.0054483785460021856	0.007272226731326503
48.500299999999996	0.00014340553704734056	0.00563630811713886	0.007433841278447751
48.60028	0.00012945372730452614	0.005819015039078204	0.007658920337342875
48.70026	0.00011563535099310986	0.005990738002583031	0.00792541646432961
48.800239999999995	0.00010208550070823981	0.006146081081622796	0.008207710349000929
48.90022	0.00008893603292177729	0.006280172617646667	0.008478929600091039
49.0002	0.0000763142621795638	0.006388807471508572	0.008713365645679521
49.100179999999995	0.00006434170607120468	0.006468568498704186	0.008888771487746352
49.20016	0.00005313289329943463	0.006516923748881934	0.00898833505992656
49.30014	0.0000427942464962157	0.006532296636339084	0.009002153267640957
49.40012	0.00003342305063933326	0.006514107151563036	0.008928077611948035
49.500099999999996	0.000025106517024888116	0.006462783059805173	0.008771859412011763
49.60008	0.000017920951757029797	0.006379740934742984	0.008546585859370712
49.70006	0.000011931036636891368	0.006267337776437591	0.00827146175805531
49.800039999999996	7.189229178969485e-6	0.006128794836160453	0.007970050124299428
49.90002	3.735287267073259e-6	0.0059680960903667375	0.007668132643844593
50.	1.5959226956741013e-6	0.0057898645480101265	0.007391384091097